524288000S
85657766 841
18309 1
21019 1
21050 1
-21019 -1
21049 1
-21050 -1
21109 1
-21049 -1
-21109 -1
27115 1
141866 1
142456 1
196869 1
33781 1
81007 1
35143 1
45125 1
46893 1
47307 1
33802 1
81387 1
32592 1
142260 1
57826 1
33953 1
33117 1
114629 1
45506 1
121064 1
50137 1
50099 1
6813 1
933 1
947 1
-933 -1
967 1
-947 -1
1081 1
-967 -1
1184 1
-1081 -1
1146 1
-1184 -1
-1146 -1
714 1
8220 1
34599 1
200124 1
81335 1
33528 1
36458 1
147056 1
16053 1
44148 1
46220 1
46680 1
81321 1
92934 1
35111 1
43947 1
40919 1
203319 1
42328 1
85562 1
34608 1
145758 1
43477 1
46524 1
46536 1
81219 1
147333 1
44860 1
202951 1
5863 1
4837 1
81108 1
71939 1
34726 1
43371 1
45939 1
16498 1
-16498 -1
16365 1
15583 1
46101 1
81100 1
145634 1
56119 1
47149 1
55433 1
56141 1
106873 1
14910 1
82619 1
17997 1
203053 1
57447 1
58802 1
81513 1
143218 1
35301 1
